input_matrix_row=2
input_matrix_column=2
input_matrix_channel=3
output=3
ann_layer=4
(10,1,0,)
(20,1,4,)
(20,1,4,)
(3,1,0,)

cnn_layer=1
(10,2,2,1,1,0,1,)


cnn_mask:
conv_layer:0,layer_type:0
0.3245937822,-0.3754062178,
-0.5754062178,0.4245937822,
cnn_bias:0.9638657966
0.6907291717,-0.7092708283,
-0.1092708283,0.2907291717,
cnn_bias:-1.8019980873
0.3426122491,0.7426122491,
-1.0573877509,0.1426122491,
cnn_bias:1.4842860318
-0.8874418002,0.8125581998,
0.2125581998,-0.8874418002,
cnn_bias:3.5617646768
-0.2398441044,0.6601558956,
-1.1398441044,0.7601558956,
cnn_bias:0.3741430067
0.4552197551,0.0552197551,
-0.1447802449,0.7552197551,
cnn_bias:-0.9991163220
0.9166849093,-1.0833150907,
-0.1833150907,-0.2833150907,
cnn_bias:0.0722660681
-0.8196079604,0.5803920396,
0.5803920396,-1.0196079604,
cnn_bias:-0.1024372056
-0.4106370886,0.0893629114,
-0.1106370886,0.4893629114,
cnn_bias:-0.0046177862
0.7123222982,-0.7876777018,
0.2123222982,-0.9876777018,
cnn_bias:-0.3063523625

ann_node_bias:
0.5800607679,-0.9043858774,0.7603473501,-0.9025183690,1.1448015175,-0.4058394240,0.6480085028,-1.0018460130,0.0984370525,0.2490826364,-0.2333866481,-0.7530301976,-0.4818355525,-0.2982160825,0.2007816177,0.1992263478,-0.2184391794,0.9960280683,0.2096965623,-0.4200234066,
0.1201375484,0.5375742101,-0.2712911409,-0.8994521004,-0.4000388442,0.7715299132,0.4007759594,-0.7007205037,-0.2239964554,-0.5021990940,0.9640009047,0.2599279755,-0.6012871843,-0.6049888216,-0.0093782387,0.2901972916,1.1656646511,0.9934293652,0.8002840730,-0.4088317042,
-1.0924134035,-0.2724732297,0.6840480163,

ann_weight:
-1.0521805168,-0.0430450974,-0.2478540371,0.2007671493,-0.7880126577,-0.5731343323,-1.0330151769,-0.2984506804,-0.5534332284,0.2524821328,0.4920415377,0.7994926131,0.1261458593,-0.7214625450,-0.4994525008,0.0002239297,1.0762474905,-0.4969127744,-0.6175774429,-0.3854391408,
0.7345917944,0.5301759650,-0.2415736853,-0.9993895329,0.5894359795,0.8653194242,0.3447169761,-0.0010102359,0.0260684056,0.2817495599,-0.1755432949,-0.6604804853,-0.1793119003,-0.6477020155,0.0006002938,0.4008920951,-1.2606396673,-0.8991295907,-0.5636725162,1.2457319089,
-0.7218842959,-0.7922367737,-1.4199158299,-0.1044989017,-1.0119669139,-0.4579943911,0.0507593259,-0.3956327180,-1.6723043566,0.3141853476,1.3267792734,0.4278570331,0.2882146659,-0.6773253031,-0.2028155543,-0.3992530974,1.6563363706,-0.6927510908,1.7079552048,-0.5578079352,
-0.5190259529,-1.2395291522,0.9097602319,0.8002528884,0.4374330028,1.3249886500,1.2827021548,-0.8027342005,-0.5835107647,0.1776068236,0.5950633615,-0.2508729810,-1.3052161887,-0.2969742256,-0.7986574099,0.2019438652,1.2490248416,-0.1934241349,0.3521078681,-0.2679842524,
0.9208022464,0.0287104991,-0.7175785674,0.8987007922,0.2835818928,0.9105230027,0.0752776389,-0.4996335187,-0.3084113012,-0.3069362241,-0.8066429546,-0.8264226208,-0.3774229197,-0.7983487727,0.1997980564,0.0001083922,-0.9574903668,0.8010202187,0.9682893507,-0.8001334361,
0.7362432247,0.7240025682,0.2485488582,-0.0984936589,-0.0134399903,0.8431500910,0.0766010307,-1.0091946573,-0.3667809167,-0.7769840772,0.0834340352,0.7601201431,0.7736379001,1.0704853467,-0.0967180713,-0.0956909019,0.5811867897,-0.1953184435,-0.1098816152,-0.2959009234,
0.1479341950,0.4000229616,-0.8217528043,-0.3012452469,0.2015254855,0.8837917490,-0.8119248517,0.2963351162,-0.0214104796,0.0125966922,0.5293981907,-0.7913262290,0.9051141832,-0.8391498097,-0.7983320720,-0.0994523365,-0.3084868113,-0.3035840420,-0.5900700685,0.7087170096,
-0.8694850521,0.0467797289,-0.6998229018,0.0001977182,-0.7537703408,0.4451770278,-0.4983550130,0.6000073798,-0.6974896135,1.0010955212,-0.5472459553,0.2664649764,-0.6305522946,0.1928983273,-0.3997812399,-0.8999400070,0.7953607999,-0.9994385754,-0.1706167530,-0.0085535145,
0.6518309709,0.1364408239,-0.1973960802,0.5998886838,0.7370929386,-1.0354923443,0.4036671069,-0.9999422975,-0.1001243031,0.9007307214,0.7641438368,-0.4779822738,-0.6864852343,-0.6927464254,-0.6001782951,-0.7000598066,-0.7908876165,-0.8003898482,-0.6183683715,0.4043489497,
-0.9726653072,0.0033490562,0.1327561290,0.0005505432,-0.0086987250,1.2227325223,-0.9734252547,-0.0081775384,0.9392857559,-0.5036033424,-0.3387480515,0.3745963186,0.6385715642,0.3546430796,-0.5947020901,-0.9972173998,-1.6515931797,-0.6961698117,0.7518192639,0.2302088350,

1.2602808022,0.9245738681,0.7241182106,-0.9988160166,-0.4015423569,0.0684202296,1.0009218991,0.5977468585,0.9532982457,0.3951413981,0.7839097238,-0.5651876932,-0.7019401070,-1.0082708452,-0.1841758046,0.9833985504,-0.2061906653,0.8007886467,-0.0993766707,-1.0481557028,
0.9672123743,-0.4878405098,-0.8043320340,-0.1992188582,-0.2014058017,-0.0756110387,0.2998223323,-0.7013048398,0.3748760852,-0.2018620032,0.1504995370,-0.6408915062,0.4996229051,0.2900746203,-0.3721265744,0.7666179780,-0.2971583906,-0.3990412937,-0.6997156920,-0.4077137208,
1.5832149955,0.8454461737,-0.8359291922,0.7014898096,0.9967923426,-0.7124792902,0.8983399305,0.4979267315,-0.2065722817,0.6988774331,0.2183516630,0.9825279511,-0.2992079739,-0.4037995729,0.5923255638,0.3172033455,0.6180132603,-0.4976146618,-0.7996878932,-0.3908870697,
-0.3050735252,0.7969443531,1.0044423692,-1.0000211367,-0.9999933830,-0.2975489824,-0.3000184630,-0.3999753183,0.5005072064,-0.4999469997,0.7000187800,0.7009921748,-0.2999635793,0.1001447679,-0.4936092209,0.2000318287,-0.2023826581,-0.9000461003,0.0999908748,0.3011652983,
0.9698677425,-0.4552787996,-1.0761923353,-0.3991110504,-0.5994827480,1.0221499294,-0.4984813882,0.4991302503,0.6747833593,-0.5026255615,0.8010174708,-0.5581984826,-0.7023810432,-0.6082659289,-0.2768313146,0.5005693822,-0.4521851661,-0.8105441921,-0.8995452728,0.0646565000,
-0.8177927449,1.1365160843,-1.2863826026,-0.6987288114,-0.4957389992,0.7213772952,-0.5928827108,-0.4015013383,-0.7054078037,-0.6085455262,-0.8469262049,0.6645613618,-0.9090090824,0.6709831118,-0.4826999317,-0.2469073230,-0.6201894709,-0.1577967725,-0.7986932617,0.8472115734,
0.2981546673,0.6853842953,-1.0802278544,0.5001805291,0.3995827717,-0.1180933595,0.4997741584,0.7997411380,-0.6004832193,0.8996913417,0.9208726650,-0.2994175902,0.8001226760,0.5996564565,-0.5791445054,0.8384193616,1.0329082798,0.1968469814,0.5000345741,-0.0505119508,
-0.5985756006,-0.8066102023,1.0007989716,-0.1000045732,-0.2000243933,-0.2992062364,-0.2000445118,0.1000100054,-0.2991373664,0.8000773047,0.1012783740,1.0012720804,0.8000541130,-0.9998781932,-0.7049625780,-0.2977804974,0.7992917308,-0.8996472449,0.2999922881,-0.6028341196,
0.6569437013,-1.0575820306,-0.1110191071,-0.5985558750,-0.3031169469,-1.2800799103,0.1983687063,-0.4020041298,0.2959201340,0.7991254283,0.8451745074,0.2756394036,0.5007947936,-0.1068800750,-0.2153754795,1.0220910576,-0.3140753003,0.2022931326,0.8002989030,-0.8537328094,
-0.4147386931,0.4522534970,-0.1894152380,0.3998117174,-1.0001921600,0.9158657347,-0.4002747216,-0.8999103719,0.7004889378,0.3003476184,0.1269761699,-0.5987311992,-0.0995503405,0.3000913845,-0.1620285131,0.2124744664,0.1069271243,0.5942648601,0.5999237099,0.0879779646,
-0.6539008685,-0.1823263158,0.5994112659,-0.9001458547,-0.2014022967,0.7557056592,-0.5017827710,-0.7999420494,0.3845945381,0.7006863711,1.0068237642,-0.8095974498,-0.2978560671,-0.7011124908,0.3099270132,-0.7995430866,0.8287557520,-0.3181804747,0.6997458928,0.7861512814,
-0.0469454432,-0.3634041465,0.2562957556,-0.4004559691,-0.7975532684,-1.0708753153,-0.9973882485,-0.1995092219,0.1813462477,0.0972380770,0.8934331185,0.3822114264,0.4973607433,-0.8977695651,0.1356508379,0.5367956981,-0.4500054312,0.2988784779,0.8001873992,-0.4926998839,
0.8106215963,1.3400833214,0.0449387897,0.0009123052,0.3013050532,-0.5274616466,-0.6963786636,-0.4015497863,-0.2808373254,0.5938217850,0.0580429276,-0.7537655053,0.4952258427,-0.6204653028,-0.4417609888,0.6738845612,0.8267055232,-0.6124121676,-0.6991782091,0.1145823842,
0.3522624599,0.0163454566,0.9494301384,0.3013142506,0.0983444460,-1.0818590053,0.3016290775,-0.4028327766,0.4544783632,0.4940842903,-0.0880288106,0.4287956555,0.0971519485,0.3931993132,0.2457815807,-0.4466236555,-0.1267164777,-0.7990967938,0.2008163456,0.1089189867,
-0.1972942102,0.5931749316,0.4023537071,-0.0000028484,-0.1000409767,0.1019825644,-0.2000568377,1.0000036866,-0.0993643633,0.8000501455,-0.1985088014,0.5015208479,0.7000665140,1.0001049958,-0.5000759197,-0.0965875357,0.3011804845,-0.2996303544,-0.5000081714,0.6963409769,
-0.2995448468,0.7943577097,0.1021238801,-0.0000071292,-0.7000278221,-0.0965196689,-0.5000465281,-0.7999906102,-0.7994763404,0.9000486514,0.6009942969,-0.3987446904,-0.5999420402,-0.7999197031,0.3002810831,0.1022258984,-0.5005917224,0.2003736688,0.5999916718,-0.6024407530,
0.4531771477,-0.3442922041,1.4774035571,-0.6998397245,-0.3025954270,-0.6704984815,-0.2021208748,0.3991970550,-0.9097868362,-0.9006204437,0.4147819259,-0.3011038853,-0.7977126723,0.8978514072,1.6585109252,0.8582590697,0.8203717915,-0.2091772356,-0.6001277311,-0.3692404542,
-0.6970857304,0.7953664152,0.9980536959,0.9000009279,0.3999626374,-0.4975380957,-0.9000443432,0.9999973454,0.6005267962,-0.4999667641,0.9001040468,-0.6987154906,-0.9999505660,0.4000827091,0.5961812122,0.2028520135,-0.0987867288,-0.7995839009,0.4999948769,0.9969627166,
0.5120781814,0.6280455312,0.6909483602,-0.9008072441,0.2018628848,-0.0222403250,-0.0990584034,0.2012118533,0.1715087553,-0.5005087358,0.7845769030,-0.9432757608,-0.8004590063,-0.8978777363,1.4609481566,0.6532861883,-0.0888891306,0.4403671279,-0.7001812592,1.0814909989,
0.8000826855,-0.5584114496,-0.5041543597,-0.4995266990,-0.2009644449,-0.5223413658,-0.9005016594,-0.3006310753,-0.6011107135,-1.0002914115,0.2193458999,-0.0151580084,-0.4997783829,0.2907094697,-0.3073741118,0.9640902408,-0.3427257648,-0.2990681171,-0.2999004117,-0.3231523960,

-0.7945916895,-1.0931158888,1.4197233065,
-1.2931195074,1.3748004802,0.7509829990,
1.1039434501,0.8388849508,-1.6155430638,
-0.4953441040,-0.3037761364,0.1971331796,
-0.5964446715,0.2948340304,-0.7997693162,
-0.0794021335,0.2871391523,-1.5330842175,
-0.2958243725,0.8898584594,0.3059469226,
-0.0972800915,-0.2029598546,-0.9012242382,
-0.3997294036,-0.0070908150,-0.6916785140,
0.3015647558,-0.7061016116,-0.9943772915,
0.9855491804,0.1275217490,0.9770458252,
0.3953424499,0.2887894791,-0.6838093048,
0.7037317777,-0.8027830121,-0.5018966774,
-0.1983824158,0.3970599239,-0.8988625150,
1.2128688921,1.0028539645,-1.4227199453,
-0.2558867996,-0.5419315267,0.6223548414,
0.2940880696,-1.0062463513,0.6208634306,
-0.5807932254,-0.7013482690,-0.0206579685,
-0.0932656950,0.0952567451,0.1966373175,
-0.1175703130,0.8852323913,-0.3850834292,

